23
70
227
4740
8964
10334
10546
10734
10831
13350
14398
14417
14421
14427
14448
14842
16809
17323
19432
20004
22631
22705
23772
24073
26029
26078
26139
26410
26587
27189
28209
28528
30277
31009
31759
31787
34574
34607
34614
34619
35577
37008
37009
39141
39152
39752
39801
41773
42262
42455
42918
43778
44305
46836
46851
46873
47578
47912
49771
49819
49838
50070
51646
51895
54085
54388
57519
59494
60720
60722
63539
63963
85
779
787
4085
4141
5430
6148
6513
6784
7309
7351
7395
7666
7687
8188
9245
9258
10462
10506
10577
10945
12126
12236
13319
13488
13590
13591
13594
13656
13662
13866
14133
14685
15944
15998
16393
16394
16475
16481
17057
17297
17560
19722
19747
19763
20291
20292
20296
20812
20913
21284
23007
23759
25828
26317
26462
26959
26978
26990
27378
28925
28926
30789
30818
30869
31118
31646
31950
35628
37211
38504
38679
40231
40868
43851
45320
48860
50634
50993
58692
58989
59309
60873
67602
67736
68838
82
1101
1184
1218
1219
1289
1405
1499
1847
2837
2967
3019
3461
4067
4503
4667
6028
6029
6032
6871
8478
8903
8951
9017
9257
9624
10981
11140
11510
13858
15912
16286
17054
17194
17787
18001
19423
19837
20597
21316
22557
22740
24257
28178
30072
30690
31378
32219
32538
35004
36439
37431
37779
42837
44093
45496
45640
45967
45993
47834
48108
48745
51858
53225
53783
53815
54329
54819
55524
55580
57771
57873
61098
61115
61778
62626
63255
64486
64657
65119
65899
66170
68845
80
1682
7865
18903
19822
22743
22775
23571
23578
23612
25744
25747
25751
26562
26628
26682
26694
26809
27362
27451
27452
27456
27934
27939
28406
29089
29119
29896
29947
29968
30024
30089
30606
31466
32252
32255
32265
32287
32333
32348
32356
32360
32414
32994
33134
33369
33937
34851
34924
34994
35009
35023
35028
35270
35420
35485
35548
35593
35648
35649
35664
35726
36043
36185
36288
36289
38079
38834
40884
40996
40997
41621
42094
42736
44430
44466
44517
45023
45115
45688
49832
89
3232
4987
8074
8469
10096
12589
14541
15815
19571
22982
23057
23465
25255
26111
26134
30817
33638
38197
38716
38790
38808
38853
39315
39432
39605
40130
40218
41186
41366
41804
41905
42151
42614
42687
43459
43643
44138
44753
45665
46655
47625
47627
47749
47938
47949
48014
48951
48997
49005
49053
49376
49728
51363
52018
52780
52800
52975
53390
53969
54428
54775
55673
55941
56198
56211
56279
56426
56451
56485
56662
57710
57728
57754
59030
59250
59524
59805
60161
60645
60741
61562
61670
62793
63171
64276
64915
65178
65180
66062
96
898
1227
1540
1823
1980
4131
4190
4234
4933
5187
5397
5628
5696
6215
6884
7181
7433
7562
7579
7736
7880
8142
8232
8261
10561
10809
11103
13186
13438
13772
14364
15054
16214
16248
16615
19813
19892
19920
19934
22374
23008
25200
26369
26485
27119
27540
29962
30254
30860
30894
30921
31609
31973
32169
34597
35143
35207
35219
35221
35227
35719
35729
39052
39085
39180
39654
40021
41654
41726
42337
42417
42528
42977
43000
43014
43541
43572
45446
46064
46811
46858
47833
48816
49712
49724
49862
51718
55506
55530
58456
58687
59934
59941
60540
65650
68161
0
0
0
0
0
0
0
0
0
0
0
0
0
0
0
0
0
